             0         -1.60
       5000.00         -3.30
      10000.00        -52.40
      15000.00       -120.40
      20000.00       -122.20
      25000.00        -99.10
      30000.00       -102.60
      35000.00        -91.00
      40000.00        -85.70
      45000.00        -80.40
      50000.00        -75.30
      55000.00        -87.80
      60000.00        -76.10
      65000.00        -85.20
      70000.00        -57.90
      75000.00        -52.90
      80000.00        -47.40
      85000.00        -49.00
      90000.00        -55.10
      95000.00        -50.60
     100000.00        -39.20
     105000.00        -42.80
     110000.00        -72.40
     115000.00         -4.30
     120000.00         24.00
     125000.00         -1.90
     130000.00        -76.30
     135000.00        -96.90
     140000.00       -107.70
     145000.00        -97.00
     150000.00        -93.90
     155000.00       -102.20
     160000.00        -90.30
     165000.00        -78.50
     170000.00        -67.80
     175000.00        -72.00
     180000.00        -81.70
     185000.00        -45.30
     190000.00        -49.00
     195000.00        -18.20
     200000.00        -34.20
     205000.00        -17.60
     210000.00        -13.40
     215000.00         -7.30
     220000.00        -23.60
     225000.00        -74.10
     230000.00        -68.30
     235000.00        -59.50
     240000.00        -28.60
     245000.00        -60.30
     250000.00        -66.80
     255000.00        -85.40
     260000.00        -79.10
     265000.00        -79.70
     270000.00        -86.00
     275000.00        -54.10
     280000.00        -43.40
     285000.00        -39.30
     290000.00        -39.50
     295000.00        -55.80
     300000.00        -45.80
     305000.00        -39.70
     310000.00        -34.80
     315000.00        -23.00
     320000.00        -31.40
     325000.00         11.10
     330000.00        -16.80
     335000.00        -26.00
     340000.00        -83.10
     345000.00        -96.80
     350000.00        -92.00
     355000.00        -90.60
     360000.00       -104.00
     365000.00        -55.40
     370000.00        -85.20
     375000.00        -58.40
     380000.00        -52.70
     385000.00        -52.10
     390000.00        -31.90
     395000.00        -30.60
     400000.00         -9.50
     405000.00         12.50
     410000.00         12.80
     415000.00         -0.20
     420000.00        -29.50
     425000.00        -84.70
     430000.00       -115.30
     435000.00       -122.10
     440000.00       -122.70
     445000.00       -102.40
     450000.00        -84.80
     455000.00        -87.50
     460000.00        -82.70
     465000.00        -99.90
     470000.00        -96.70
     475000.00        -73.70
     480000.00        -53.40
     485000.00        -35.00
     490000.00        -34.90
     495000.00        -39.70
     500000.00        -23.40
     505000.00        -60.80
     510000.00        -68.60
     515000.00        -78.80
     520000.00        -61.20
     525000.00        -54.80
     530000.00        -78.30
     535000.00        -75.30
     540000.00        -84.60
     545000.00        -73.70
     550000.00        -66.50
     555000.00        -73.00
     560000.00        -65.00
     565000.00        -50.60
     570000.00        -41.60
     575000.00        -25.60
     580000.00        -25.60
     585000.00        -67.60
     590000.00        -79.10
     595000.00        -56.50
     600000.00        -49.00
     605000.00        -52.80
     610000.00        -39.20
     615000.00        -50.70
     620000.00        -72.90
     625000.00       -117.80
     630000.00       -124.20
     635000.00       -114.30
     640000.00       -122.70
     645000.00       -111.90
     650000.00       -106.40
     655000.00       -101.60
     660000.00        -93.30
     665000.00        -80.50
     670000.00        -91.70
     675000.00        -80.00
     680000.00        -82.80
     685000.00        -82.40
     690000.00        -53.80
     695000.00        -62.20
     700000.00        -70.50
     705000.00        -78.90
     710000.00        -87.20
     715000.00        -95.10
     720000.00        -96.40
     725000.00        -63.70
     730000.00        -70.40
     735000.00        -75.50
     740000.00        -77.60
     745000.00        -73.60
     750000.00        -86.10
     755000.00        -91.50
     760000.00        -85.40
     765000.00        -62.30
     770000.00        -53.00
     775000.00        -45.10
     780000.00        -21.80
     785000.00        -44.20
     790000.00        -48.50
     795000.00        -98.00
     800000.00        -82.50
     805000.00        -77.20
     810000.00        -58.60
     815000.00        -41.30
     820000.00        -55.70
     825000.00        -52.60
     830000.00        -51.10
     835000.00        -48.40
     840000.00        -27.60
     845000.00        -24.30
     850000.00        -36.20
     855000.00        -33.00
     860000.00        -19.30
     865000.00        -61.60
     870000.00        -83.60
     875000.00       -109.30
     880000.00       -106.90
     885000.00        -93.70
     890000.00        -90.10
     895000.00        -84.30
     900000.00        -64.20
     905000.00        -60.30
     910000.00        -74.60
     915000.00        -89.10
     920000.00        -66.80
     925000.00        -51.50
     930000.00        -31.20
     935000.00        -22.20
     940000.00        -19.80
     945000.00         -9.80
     950000.00          2.00
     955000.00        -40.60
     960000.00        -41.10
     965000.00        -57.30
     970000.00        -38.60
     975000.00        -27.90
     980000.00        -42.60
     985000.00        -46.60
     990000.00        -29.30
     995000.00        -48.10
    1000000.00        -54.70
