1992.96      -29.84
1992.985      -32.78
1993.01      -31.85
1993.039      -35.58
1993.064      -37.97
1993.096      -39.88
1993.119      -37.19
1993.147      -31.87
1993.175      -31.22
1993.202      -32.07
1993.229      -32.74
1993.283      -34.71
1993.311      -29.56
1993.338      -31.1
1993.365      -30.43
1993.392      -34.55
1993.419      -35.08
1993.446      -31.92
1993.474      -28.67
1993.501      -28.14
1993.528      -26.73
1993.582      -29.98
1993.61      -27.36
1993.637      -23.07
1993.664      -20.74
1993.691      -22.42
1993.717      -24.15
1993.745      -21.72
1993.772      -17.93
1993.799      -20.61
1993.854      -21.72
1993.881      -24.94
1993.908      -24.57
1993.935      -23.76
1993.963      -20.81
1993.989      -22.8
1994.017      -29.84
1994.044      -27.88
1994.071      -27.1
1994.098      -30.22
1994.126      -31.3
1994.153      -29.62
1994.18      -25.89
1994.234      -27.44
1994.261      -26.11
1994.289      -25.41
1994.316      -24.91
1994.343      -28.44
1994.37      -29.79
1994.397      -32.66
1994.424      -29.34
1994.451      -25.33
1994.506      -31.09
1994.533      -26.67
1994.56      -24.86
1994.587      -23.04
1994.615      -21.85
1994.642      -19.99
1994.669      -20.13
1994.696      -17.64
1994.723      -18.88
1994.75      -19.84
1994.777      -18.81
1994.805      -15.09
1994.832      -16.67
1994.886      -22.69
1994.913      -25.19
1994.941      -19.75
1994.968      -19.93
1994.995      -21.08
1995.022      -21.89
1995.049      -24.07
1995.076      -19.56
1995.104      -23.67
1995.131      -26.94
1995.158      -24.08
1995.212      -20.26
1995.239      -26.57
1995.267      -24.22
1995.294      -23.65
1995.321      -24.82
1995.375      -27.51
1995.402      -25.34
1995.429      -21.45
1995.457      -23.89
1995.484      -27.16
1995.538      -28.09
1995.565      -25.17
1995.593      -23.13
1995.62      -20.12
1995.647      -21.34
1995.674      -19.37
1995.701      -15.69
1995.728      -9.59
1995.756      -14.78
1995.783      -17.12
1995.837      -18.77
1995.864      -18.92
1995.89      -17.61
1995.946      -22.07
1995.973      -17.58
1996.0      -21.86
1996.027      -24.72
1996.053      -24.17
1996.081      -25.43
1996.108      -20.79
1996.163      -22.17
1996.19      -24.46
1996.217      -21.66
1996.244      -20.94
1996.271      -23.51
1996.298      -24.75
1996.325      -24.4
1996.352      -23.91
1996.379      -23.58
1996.406      -21.78
1996.433      -22.93
1996.488      -21.89
1996.515      -21.77
1996.542      -20.27
1996.569      -16.91
1996.596      -17.75
1996.623      -19.7
1996.65      -19.86
1996.677      -20.27
1996.704      -15.65
1996.732      -12.82
1996.759      -11.62
1996.813      -8.78
1996.84      -7.42
1996.867      -11.65
1996.894      -18.36
1996.921      -18.5
1996.948      -18.51
1996.975      -24.35
1997.002      -24.7
1997.03      -21.61
1997.057      -24.23
1997.084      -22.81
1997.138      -24.88
1997.165      -24.38
1997.193      -24.71
1997.22      -21.87
1997.247      -20.57
1997.274      -21.05
1997.301      -23.73
1997.328      -21.84
1997.356      -18.89
1997.383      -21.56
1997.41      -19.75
1997.464      -21.76
1997.491      -19.0
1997.519      -16.21
1997.546      -11.69
1997.573      -13.55
1997.627      -12.32
1997.654      -9.29
1997.681      -7.27
1997.709      -3.73
1997.736      -3.63
1997.79      -6.66
1997.817      -5.72
1997.845      -4.64
1997.872      -9.93
1997.899      -11.96
1997.926      -11.39
1997.953      -17.1
1997.98      -13.97
1998.008      -15.63
1998.035      -14.48
1998.089      -17.94
1998.116      -18.35
1998.143      -17.93
1998.171      -18.5
1998.198      -16.64
1998.225      -16.53
1998.252      -19.28
1998.279      -16.24
1998.306      -17.08
1998.334      -17.19
1998.361      -20.08
1998.415      -24.45
1998.442      -23.31
1998.469      -22.15
1998.497      -19.16
1998.524      -19.39
1998.551      -22.59
1998.605      -18.74
1998.632      -19.78
1998.659      -15.93
1998.687      -15.17
1998.714      -16.93
1998.741      -16.66
1998.768      -16.21
1998.823      -13.72
1998.85      -17.25
1998.877      -19.07
1998.904      -22.1
1998.931      -16.75
1998.958      -19.61
1998.986      -19.4
1999.013      -22.46
1999.04      -20.99
1999.094      -25.9
1999.125      -12.45
1999.149      -17.53
1999.176      -18.71
1999.203      -20.87
1999.23      -18.46
1999.257      -18.25
1999.284      -18.78
1999.339      -20.39
1999.366      -21.11
1999.393      -22.42
1999.42      -18.45
1999.447      -21.41
1999.475      -20.22
1999.502      -17.62
1999.529      -16.74
1999.556      -17.01
1999.583      -13.85
1999.61      -15.3
1999.637      -10.41
1999.692      -10.45
1999.719      -6.17
1999.746      -7.29
1999.773      -3.81
1999.801      -5.84
1999.828      -9.48
1999.855      -12.22
1999.882      -10.12
1999.909      -10.57
1999.964      -9.49
1999.991      -10.35
2000.018      -13.75
2000.045      -13.68
2000.072      -11.24
2000.099      -14.53
2000.126      -16.79
2000.153      -15.08
2000.18      -17.27
2000.207      -18.23
2000.234      -12.09
2000.289      -16.45
2000.316      -17.94
2000.343      -19.51
2000.37      -18.81
2000.397      -18.21
2000.424      -16.65
2000.451      -17.57
2000.478      -18.86
2000.505      -17.43
2000.533      -14.32
2000.587      -13.08
2000.614      -12.09
2000.641      -8.91
2000.668      -12.19
2000.695      -9.18
2000.722      -2.0
2000.749      0.3
2000.776      -0.81
2000.803      -4.93
2000.858      -4.42
2000.884      -4.3
2000.913      -6.05
2000.939      -9.8
2000.966      -11.54
2000.993      -8.34
2001.02      -9.33
2001.075      -10.58
2001.102      -12.35
2001.129      -16.41
2001.156      -11.91
2001.183      -8.58
2001.21      -12.3
2001.238      -8.15
2001.265      -9.9
2001.292      -9.33
2001.319      -11.45
2001.346      -12.07
2001.373      -10.43
2001.401      -11.3
2001.428      -13.04
2001.455      -14.53
2001.482      -7.16
2001.509      -5.71
2001.536      -2.58
2001.564      -5.87
2001.591      -1.88
2001.618      -5.18
2001.645      -4.68
2001.672      -1.45
2001.699      3.48
2001.727      4.03
2001.754      3.54
2001.781      -1.37
2001.808      -3.71
2001.835      1.5
2001.862      2.91
2001.89      -1.17
2001.917      -4.89
2001.944      -6.36
2001.971      -6.47
2001.998      -2.4
2002.026      -6.14
2002.053      -8.0
2002.081      -2.8
2002.107      -3.1
2002.134      -3.3
2002.161      -3.7
2002.188      -9.5
2002.216      -7.0
2002.243      -8.1
2002.27      -3.2
2002.297      -8.0
2002.324      -7.0
2002.351      -7.6
2002.379      -6.3
2002.406      -6.6
2002.433      -8.9
2002.46      -5.8
2002.487      -1.5
2002.514      -3.5
2002.542      -1.4
2002.569      1.2
2002.596      3.3
2002.623      6.4
2002.65      3.0
2002.677      1.8
2002.705      3.3
2002.732      5.5
2002.759      5.5
2002.786      8.5
2002.813      12.6
2002.84      5.3
2002.868      5.3
2002.895      8.0
2002.922      4.8
2002.949      3.5
2002.976      1.6
2003.003      -1.6
2003.031      -3.4
2003.058      3.5
2003.085      2.8
2003.112      4.5
2003.139      -1.5
2003.166      -2.7
2003.194      -1.7
2003.221      -0.0
2003.248      -0.8
2003.275      -1.8
2003.302      -3.8
2003.329      -3.0
2003.357      -2.2
2003.384      -2.2
2003.411      -2.4
2003.438      -4.4
2003.465      -2.6
2003.492      -4.4
2003.52      -3.3
2003.547      1.9
2003.574      1.4
2003.601      2.5
2003.628      -0.1
2003.655      4.0
2003.683      7.5
2003.71      7.2
2003.737      7.1
2003.764      9.9
2003.791      8.1
2003.818      7.7
2003.846      6.0
2003.871      5.4
2003.927      6.3
2003.954      4.0
2003.981      -0.0
2004.009      0.5
2004.036      5.2
2004.063      4.9
2004.09      2.5
2004.113      -4.1
2004.148      1.1
2004.171      1.2
2004.198      0.1
2004.225      0.1
2004.251      2.2
2004.279      0.8
2004.307      4.0
2004.334      -1.4
2004.361      -2.5
2004.388      -4.6
2004.415      -0.5
2004.442      -1.2
2004.469      -0.9
2004.496      3.7
2004.523      4.4
2004.55      3.9
2004.577      1.6
2004.605      4.0
2004.632      7.9
2004.659      8.9
2004.686      10.9
2004.713      14.6
2004.74      11.1
2004.767      12.2
2004.794      13.4
2004.821      11.6
2004.848      11.9
2004.875      12.0
2004.902      6.3
2004.93      8.1
2004.957      8.7
2004.984      13.8
2005.011      6.3
2005.038      4.2
2005.065      6.7
2005.092      6.0
2005.12      7.7
2005.147      7.3
2005.174      10.9
2005.201      9.5
2005.228      3.4
2005.255      4.4
2005.283      8.0
2005.31      4.4
2005.337      6.3
2005.364      6.4
2005.391      5.0
2005.418      6.1
2005.446      6.6
2005.473      7.8
2005.5      7.0
2005.527      9.7
2005.554      7.1
2005.582      9.9
2005.609      7.8
2005.636      10.5
2005.663      13.4
2005.69      14.1
2005.712      14.3
2005.749      16.3
2005.772      17.5
2005.799      15.4
2005.826      15.6
2005.853      18.3
2005.88      16.3
2005.907      15.4
2005.935      13.7
2005.962      13.1
2005.989      13.0
2006.016      9.6
2006.043      6.0
2006.07      6.9
2006.098      7.3
2006.125      6.6
2006.152      6.5
2006.179      8.2
2006.206      3.1
2006.233      6.2
2006.261      4.6
2006.288      4.1
2006.315      3.3
2006.342      3.9
2006.369      7.4
2006.396      8.5
2006.424      7.3
2006.451      8.1
2006.478      7.7
2006.505      9.9
2006.532      11.7
2006.559      11.0
2006.587      10.3
2006.614      9.4
2006.641      14.2
2006.668      18.2
2006.695      18.4
2006.722      20.0
2006.75      18.7
2006.777      19.2
2006.804      19.7
2006.823      18.2
2006.888      16.8
2006.913      14.7
2006.939      18.1
2006.967      14.9
2006.994      13.2
2007.021      8.9
2007.048      5.7
2007.076      8.8
2007.103      8.7
2007.13      9.2
2007.157      10.7
2007.184      7.2
2007.211      8.0
2007.239      7.9
2007.266      10.2
2007.293      10.8
2007.32      8.8
2007.347      3.4
2007.374      7.8
2007.402      9.1
2007.429      8.5
2007.456      6.1
2007.483      6.3
2007.51      7.6
2007.537      7.1
2007.565      6.5
2007.592      8.6
2007.619      14.9
2007.646      12.7
2007.673      11.5
2007.7      12.9
2007.728      18.4
2007.755      17.7
2007.782      16.6
2007.809      17.2
2007.836      13.9
2007.863      16.9
2007.891      20.4
2007.918      19.0
2007.945      16.1
2007.972      9.8
2007.999      9.4
2008.026      11.3
2008.053      13.0
2008.08      12.3
2008.108      8.7
2008.135      9.5
2008.162      6.3
2008.189      9.7
2008.216      10.8
2008.243      8.3
2008.27      7.8
2008.297      8.6
2008.324      7.7
2008.345      7.9
2008.379      13.2
2008.406      15.2
2008.433      13.4
2008.46      12.2
2008.487      14.1
2008.514      15.7
2008.541      13.3
2008.568      13.4
2008.595      13.5
2008.622      17.4
2008.649      16.6
2008.676      17.2
2008.704      16.8
2008.731      20.0
2008.758      20.6
2008.785      21.1
2008.812      20.8
2008.839      19.2
2008.866      19.6
2008.893      17.6
2008.92      20.9
2008.947      16.4
2008.975      14.0
2009.002      14.9
2009.029      14.7
2009.056      15.1
2009.083      12.9
2009.11      10.7
2009.137      12.4
2009.165      13.7
2009.192      13.2
2009.219      13.7
2009.246      13.2
2009.273      13.1
2009.3      14.0
2009.328      12.8
2009.355      12.0
2009.382      11.4
2009.409      10.4
2009.436      12.4
2009.463      13.2
2009.491      12.3
2009.518      11.7
2009.545      15.3
2009.572      20.4
2009.599      19.1
2009.626      20.3
2009.654      22.0
2009.681      23.7
2009.708      26.8
2009.735      26.6
2009.762      26.4
2009.789      27.3
2009.817      28.9
2009.844      29.5
2009.871      25.7
2009.898      25.5
2009.925      22.2
2009.952      20.1
2009.98      24.4
2010.007      20.3
2010.034      18.9
2010.061      17.7
2010.088      13.9
2010.115      17.7
2010.143      20.1
2010.17      23.1
2010.197      16.2
2010.224      16.6
2010.251      15.4
2010.278      18.2
2010.306      17.6
2010.333      14.9
2010.36      15.4
2010.387      18.8
2010.414      18.1
2010.441      19.3
2010.469      20.1
2010.496      20.0
2010.523      19.1
2010.55      21.1
2010.577      20.1
2010.604      19.6
2010.632      21.5
2010.659      18.1
2010.686      20.6
2010.713      21.3
2010.74      20.9
2010.767      21.3
2010.795      24.0
2010.822      22.4
2010.849      20.7
2010.876      20.5
2010.903      16.8
2010.93      16.9
2010.958      16.3
2010.985      17.6
2011.012      14.0
2011.039      12.6
2011.066      13.8
2011.093      13.3
2011.121      13.0
2011.148      12.2
2011.175      12.8
2011.202      13.2
2011.229      9.5
2011.256      11.5
2011.284      10.8
2011.311      10.6
2011.338      7.4
2011.365      12.0
2011.392      12.9
2011.419      13.0
2011.447      15.3
2011.474      17.8
2011.501      16.5
2011.528      17.3
2011.555      17.1
2011.582      18.7
2011.61      23.5
2011.637      25.0
2011.664      25.7
2011.691      24.8
2011.718      24.5
2011.745      27.2
2011.773      28.4
2011.8      30.5
2011.827      25.1
2011.854      23.5
2011.881      24.4
2011.908      27.8
2011.936      25.5
2011.963      24.4
2011.99      22.5
2012.017      24.3
2012.044      23.6
2012.071      24.5
2012.098      23.6
2012.125      24.3
2012.152      22.4
2012.18      21.3
2012.207      20.9
2012.234      22.2
2012.261      21.1
2012.288      21.4
2012.315      21.5
2012.342      21.8
2012.369      22.9
2012.396      22.2
2012.423      21.9
2012.45      27.1
2012.478      26.4
2012.505      26.9
2012.532      30.7
2012.559      33.1
2012.586      31.8
2012.613      33.0
2012.64      30.0
2012.667      34.7
2012.694      34.4
2012.721      38.4
2012.748      38.3
2012.776      39.2
2012.803      36.4
2012.83      36.5
2012.857      37.5
2012.884      36.6
2012.911      34.7
2012.938      37.1
2012.965      32.9
2012.992      33.0
2013.019      31.6
2013.047      30.4
2013.074      32.3
2013.101      31.6
2013.128      29.2
2013.155      30.5
2013.182      32.2
2013.21      30.4
2013.268      29.3
2013.291      25.7
2013.318      28.6
2013.345      28.9
2013.373      26.3
2013.4      25.6
2013.427      25.6
2013.454      25.6
2013.481      27.9
2013.508      27.2
2013.536      27.5
2013.563      30.5
2013.59      31.6
2013.617      28.1
2013.644      30.2
2013.668      34.2
2013.705      33.3
2013.726      34.7
2013.753      35.8
2013.78      36.3
2013.807      39.6
2013.834      40.2
2013.862      38.6
2013.889      37.2
2013.916      36.0
2013.943      31.4
2013.97      31.4
2013.997      32.3
2014.025      31.6
2014.052      32.3
2014.079      31.4
2014.106      32.3
2014.133      33.8
2014.16      34.3
2014.188      33.5
2014.215      32.5
2014.242      32.3
2014.269      31.3
2014.296      30.7
2014.323      27.9
2014.351      27.6
2014.378      28.2
2014.405      29.3
2014.432      29.7
2014.459      30.7
2014.486      32.9
2014.514      34.3
2014.541      35.4
2014.568      33.8
2014.595      37.4
2014.622      40.7
2014.649      41.9
2014.677      40.9
2014.704      41.8
2014.731      40.1
2014.758      42.0
2014.785      45.0
2014.812      45.2
2014.84      42.1
2014.867      40.8
2014.894      36.6
2014.921      38.2
2014.948      44.4
2014.975      40.1
2015.003      35.0
2015.03      37.2
2015.057      37.1
2015.084      39.7
2015.111      39.9
2015.138      42.9
2015.166      41.9
2015.193      39.4
2015.22      38.8
2015.247      40.4
2015.274      41.6
2015.301      40.5
2015.329      40.1
2015.356      38.1
2015.383      36.9
2015.41      40.2
2015.437      41.4
2015.464      43.0
2015.492      44.6
2015.519      43.6
2015.546      45.0
2015.573      46.8
2015.6      49.8
2015.627      48.7
2015.655      54.5
2015.682      56.0
2015.709      54.8
2015.736      56.2
2015.763      57.2
2015.79      58.0
2015.818      59.5
2015.845      55.7
2015.872      52.2
2015.899      54.1
2015.926      52.0
2015.953      49.4
2015.981      47.1
2016.008      43.7
2016.035      48.2
2016.062      51.1
2016.089      46.2
2016.116      49.0
2016.143      47.6
2016.17      48.1
2016.197      46.7
2016.224      49.6
2016.224      50.4
2016.252      47.2
2016.279      46.9
2016.306      43.7
2016.333      42.4
2016.36      42.2
2016.387      41.6
2016.414      44.5
2016.441      43.9
2016.468      46.1
2016.495      45.0
2016.522      45.3
2016.55      46.0
2016.577      44.3
2016.604      44.9
2016.631      45.2
2016.658      49.5
2016.685      52.3
2016.712      52.8
2016.739      51.1
2016.766      49.8
2016.793      53.2
2016.82      52.9
2016.848      53.8
2016.875      54.4
2016.902      57.4
2016.929      52.5
2016.956      49.5
2016.983      47.9
2017.01      46.4
2017.037      48.0
2017.064      45.8
2017.092      44.2
2017.119      43.2
2017.146      44.1
2017.173      45.1
2017.2      45.2
2017.227      45.5
2017.255      46.9
2017.282      44.3
2017.309      44.5
2017.336      44.0
2017.363      44.7
2017.39      41.1
2017.418      43.9
2017.445      43.8
2017.472      44.0
2017.499      44.6
2017.526      46.2
2017.553      47.7
2017.581      51.7
2017.608      51.5
2017.635      51.9
2017.662      54.4
2017.689      57.6
2017.716      57.9
2017.744      55.2
2017.771      55.3
2017.798      55.7
2017.825      57.7
2017.852      59.7
2017.879      58.8
2017.907      59.4
2017.934      57.3
2017.961      56.1
2017.988      52.5
2018.015      52.4
2018.042      52.5
2018.07      52.3
2018.097      51.5
2018.124      48.6
2018.151      47.1
2018.178      51.4
2018.205      51.1
2018.233      48.4
2018.26      45.8
2018.287      48.2
2018.314      49.1
2018.341      48.7
2018.368      48.1
2018.396      47.2
2018.423      48.3
2018.45      48.4
2018.477      48.5
2018.504      49.8
2018.531      52.3
2018.559      53.5
2018.586      53.0
2018.613      55.0
2018.64      56.0
2018.667      58.5
2018.694      62.0
2018.722      61.1
2018.749      64.4
2018.776      61.8
2018.803      63.9
2018.83      65.7
2018.857      63.2
2018.885      60.2
2018.912      57.5
2018.939      57.8
2018.966      57.4
2018.993      56.3
2019.02      54.7
2019.048      59.7
2019.075      55.5
2019.102      56.5
2019.129      56.0
2019.187      56.4
2019.211      57.6
2019.238      54.7
2019.259      55.7
2019.292      54.3
2019.319      57.1
2019.346      58.2
2019.374      55.0
2019.401      54.0
2019.428      54.7
2019.455      59.0
2019.482      58.0
2019.509      58.9
2019.537      59.7
2019.564      60.1
2019.591      62.1
2019.618      66.4
2019.645      68.6
2019.672      67.8
2019.7      69.3
2019.727      68.4
2019.754      67.3
2019.781      69.1
2019.808      68.1
2019.835      66.3
2019.863      69.2
2019.89      67.2
2019.917      66.8
2019.944      67.2
2019.971      64.9
2019.998      62.4
2020.026      59.2
2020.053      55.9
2020.074      58.1
2020.134      60.0
2020.161      57.9
2020.188      60.1
2020.215      56.7
2020.242      58.9
2020.269      58.9
2020.296      56.3
2020.324      56.7
2020.351      58.8
2020.378      58.3
2020.405      57.8
2020.432      59.2
2020.458      57.4
2020.486      59.5
2020.513      60.1
2020.54      62.0
2020.567      63.3
2020.594      64.1
2020.622      62.4
2020.649      65.3
2020.676      67.3
2020.703      68.1
2020.73      68.1
2020.757      71.1
2020.784      70.7
2020.809      69.8
2020.839      71.3
2020.865      69.5
2020.892      66.2
2020.92      68.4
2020.947      66.2
2020.974      64.9
2021.001      65.4
2021.028      65.7
2021.055      65.9
2021.082      66.0
2021.109      62.3
2021.137      59.7
2021.164      58.8
2021.191      60.8
2021.218      62.1
2021.245      64.8
2021.272      63.8
2021.3      62.9
2021.327      59.9
2021.354      62.4
2021.381      64.8
2021.408      63.2
2021.435      60.4
2021.463      63.3
2021.49      63.5
2021.517      65.8
2021.544      65.1
2021.571      68.2
2021.598      70.8
2021.626      72.5
2021.653      69.3
2021.68      72.6
2021.707      76.1
2021.734      75.2
2021.761      75.8
2021.789      76.2
2021.816      77.2
2021.843      75.1
2021.87      72.0
2021.897      73.8
2021.924      75.1
2021.952      69.5
2021.979      67.2
2022.006      68.4
2022.033      70.3
2022.06      70.2
2022.087      67.0
2022.115      67.7
2022.142      63.2
2022.169      62.7
2022.196      66.0
2022.223      65.0
2022.25      65.6
2022.278      67.7
2022.305      63.8
2022.332      66.2
2022.359      62.6
2022.386      64.1
2022.413      62.8
2022.441      64.5
2022.468      62.8
2022.495      67.2
2022.522      71.2
2022.549      73.5
2022.576      70.7
2022.604      67.8
2022.631      71.0
2022.658      72.6
2022.685      76.9
2022.712      78.4
2022.739      79.7
2022.767      77.8
2022.794      75.5
2022.821      75.5
2022.848      78.8
2022.875      75.3
2022.902      74.7
2022.93      70.9
2022.957      75.2
2022.984      74.7
2023.011      72.7
2023.038      75.3
2023.065      73.2
2023.093      69.6
2023.12      68.2
2023.147      68.8
2023.174      70.8
2023.201      72.7
2023.228      70.7
2023.256      66.6
2023.283      64.3
2023.31      67.7
2023.337      68.6
2023.364      72.4
2023.391      70.9
2023.419      70.6
2023.446      69.7
2023.473      71.6
2023.5      75.9
2023.527      79.9
2023.554      78.2
2023.582      79.7
2023.609      82.3
2023.636      82.6
2023.663      85.8
2023.685      85.7